ACCOUNT_ID=0.0.6143075
PRIVATE_KEY=3030020100300706052b8104000a04220420ed32f5213160a020196b515d749c4b19e617b49240263987f22dc54db9b69dd9
GEMINI_API_KEY=AIzaSyAv8LVPGMCLm6wk9ne6AWJI3tF6_C2U54s
TOPIC_ID=0.0.6206756